x  y  f(x,y)
-2.500000  -2.500000  3.437000
-2.400000  -2.500000  3.336332
-2.300000  -2.500000  3.316560
-2.200000  -2.500000  3.358459
-2.100000  -2.500000  3.438186
-2.000000  -2.500000  3.529415
-1.900000  -2.500000  3.605686
-1.800000  -2.500000  3.642764
-1.700000  -2.500000  3.620815
-1.600000  -2.500000  3.526165
-1.500000  -2.500000  3.352530
-1.400000  -2.500000  3.101576
-1.300000  -2.500000  2.782766
-1.200000  -2.500000  2.412520
-1.100000  -2.500000  2.012746
-1.000000  -2.500000  1.608880
-0.900000  -2.500000  1.227620
-0.800000  -2.500000  0.894537
-0.700000  -2.500000  0.631791
-0.600000  -2.500000  0.456152
-0.500000  -2.500000  0.377505
-0.400000  -2.500000  0.397961
-0.300000  -2.500000  0.511673
-0.200000  -2.500000  0.705358
-0.100000  -2.500000  0.959480
0.000000  -2.500000  1.250000
0.100000  -2.500000  1.550520
0.200000  -2.500000  1.834642
0.300000  -2.500000  2.078327
0.400000  -2.500000  2.262039
0.500000  -2.500000  2.372495
0.600000  -2.500000  2.403848
0.700000  -2.500000  2.358209
0.800000  -2.500000  2.245463
0.900000  -2.500000  2.082380
1.000000  -2.500000  1.891120
1.100000  -2.500000  1.697254
1.200000  -2.500000  1.527480
1.300000  -2.500000  1.407234
1.400000  -2.500000  1.358424
1.500000  -2.500000  1.397470
1.600000  -2.500000  1.533835
1.700000  -2.500000  1.769185
1.800000  -2.500000  2.097236
1.900000  -2.500000  2.504314
2.000000  -2.500000  2.970585
2.100000  -2.500000  3.471814
2.200000  -2.500000  3.981541
2.300000  -2.500000  4.473440
2.400000  -2.500000  4.923668
-2.500000  -2.400000  3.619000
-2.400000  -2.400000  3.518332
-2.300000  -2.400000  3.498560
-2.200000  -2.400000  3.540459
-2.100000  -2.400000  3.620186
-2.000000  -2.400000  3.711415
-1.900000  -2.400000  3.787686
-1.800000  -2.400000  3.824764
-1.700000  -2.400000  3.802815
-1.600000  -2.400000  3.708165
-1.500000  -2.400000  3.534530
-1.400000  -2.400000  3.283576
-1.300000  -2.400000  2.964766
-1.200000  -2.400000  2.594520
-1.100000  -2.400000  2.194746
-1.000000  -2.400000  1.790880
-0.900000  -2.400000  1.409620
-0.800000  -2.400000  1.076537
-0.700000  -2.400000  0.813791
-0.600000  -2.400000  0.638152
-0.500000  -2.400000  0.559505
-0.400000  -2.400000  0.579961
-0.300000  -2.400000  0.693673
-0.200000  -2.400000  0.887358
-0.100000  -2.400000  1.141480
0.000000  -2.400000  1.432000
0.100000  -2.400000  1.732520
0.200000  -2.400000  2.016642
0.300000  -2.400000  2.260327
0.400000  -2.400000  2.444039
0.500000  -2.400000  2.554495
0.600000  -2.400000  2.585848
0.700000  -2.400000  2.540209
0.800000  -2.400000  2.427463
0.900000  -2.400000  2.264380
1.000000  -2.400000  2.073120
1.100000  -2.400000  1.879254
1.200000  -2.400000  1.709480
1.300000  -2.400000  1.589234
1.400000  -2.400000  1.540424
1.500000  -2.400000  1.579470
1.600000  -2.400000  1.715835
1.700000  -2.400000  1.951185
1.800000  -2.400000  2.279236
1.900000  -2.400000  2.686314
2.000000  -2.400000  3.152585
2.100000  -2.400000  3.653814
2.200000  -2.400000  4.163541
2.300000  -2.400000  4.655440
2.400000  -2.400000  5.105668
-2.500000  -2.300000  3.785000
-2.400000  -2.300000  3.684332
-2.300000  -2.300000  3.664560
-2.200000  -2.300000  3.706459
-2.100000  -2.300000  3.786186
-2.000000  -2.300000  3.877415
-1.900000  -2.300000  3.953686
-1.800000  -2.300000  3.990764
-1.700000  -2.300000  3.968815
-1.600000  -2.300000  3.874165
-1.500000  -2.300000  3.700530
-1.400000  -2.300000  3.449576
-1.300000  -2.300000  3.130766
-1.200000  -2.300000  2.760520
-1.100000  -2.300000  2.360746
-1.000000  -2.300000  1.956880
-0.900000  -2.300000  1.575620
-0.800000  -2.300000  1.242537
-0.700000  -2.300000  0.979791
-0.600000  -2.300000  0.804152
-0.500000  -2.300000  0.725505
-0.400000  -2.300000  0.745961
-0.300000  -2.300000  0.859673
-0.200000  -2.300000  1.053358
-0.100000  -2.300000  1.307480
0.000000  -2.300000  1.598000
0.100000  -2.300000  1.898520
0.200000  -2.300000  2.182642
0.300000  -2.300000  2.426327
0.400000  -2.300000  2.610039
0.500000  -2.300000  2.720495
0.600000  -2.300000  2.751848
0.700000  -2.300000  2.706209
0.800000  -2.300000  2.593463
0.900000  -2.300000  2.430380
1.000000  -2.300000  2.239120
1.100000  -2.300000  2.045254
1.200000  -2.300000  1.875480
1.300000  -2.300000  1.755234
1.400000  -2.300000  1.706424
1.500000  -2.300000  1.745470
1.600000  -2.300000  1.881835
1.700000  -2.300000  2.117185
1.800000  -2.300000  2.445236
1.900000  -2.300000  2.852314
2.000000  -2.300000  3.318585
2.100000  -2.300000  3.819814
2.200000  -2.300000  4.329541
2.300000  -2.300000  4.821440
2.400000  -2.300000  5.271668
-2.500000  -2.200000  3.935000
-2.400000  -2.200000  3.834332
-2.300000  -2.200000  3.814560
-2.200000  -2.200000  3.856459
-2.100000  -2.200000  3.936186
-2.000000  -2.200000  4.027415
-1.900000  -2.200000  4.103686
-1.800000  -2.200000  4.140764
-1.700000  -2.200000  4.118815
-1.600000  -2.200000  4.024165
-1.500000  -2.200000  3.850530
-1.400000  -2.200000  3.599576
-1.300000  -2.200000  3.280766
-1.200000  -2.200000  2.910520
-1.100000  -2.200000  2.510746
-1.000000  -2.200000  2.106880
-0.900000  -2.200000  1.725620
-0.800000  -2.200000  1.392537
-0.700000  -2.200000  1.129791
-0.600000  -2.200000  0.954152
-0.500000  -2.200000  0.875505
-0.400000  -2.200000  0.895961
-0.300000  -2.200000  1.009673
-0.200000  -2.200000  1.203358
-0.100000  -2.200000  1.457480
0.000000  -2.200000  1.748000
0.100000  -2.200000  2.048520
0.200000  -2.200000  2.332642
0.300000  -2.200000  2.576327
0.400000  -2.200000  2.760039
0.500000  -2.200000  2.870495
0.600000  -2.200000  2.901848
0.700000  -2.200000  2.856209
0.800000  -2.200000  2.743463
0.900000  -2.200000  2.580380
1.000000  -2.200000  2.389120
1.100000  -2.200000  2.195254
1.200000  -2.200000  2.025480
1.300000  -2.200000  1.905234
1.400000  -2.200000  1.856424
1.500000  -2.200000  1.895470
1.600000  -2.200000  2.031835
1.700000  -2.200000  2.267185
1.800000  -2.200000  2.595236
1.900000  -2.200000  3.002314
2.000000  -2.200000  3.468585
2.100000  -2.200000  3.969814
2.200000  -2.200000  4.479541
2.300000  -2.200000  4.971440
2.400000  -2.200000  5.421668
-2.500000  -2.100000  4.069000
-2.400000  -2.100000  3.968332
-2.300000  -2.100000  3.948560
-2.200000  -2.100000  3.990459
-2.100000  -2.100000  4.070186
-2.000000  -2.100000  4.161415
-1.900000  -2.100000  4.237686
-1.800000  -2.100000  4.274764
-1.700000  -2.100000  4.252815
-1.600000  -2.100000  4.158165
-1.500000  -2.100000  3.984530
-1.400000  -2.100000  3.733576
-1.300000  -2.100000  3.414766
-1.200000  -2.100000  3.044520
-1.100000  -2.100000  2.644746
-1.000000  -2.100000  2.240880
-0.900000  -2.100000  1.859620
-0.800000  -2.100000  1.526537
-0.700000  -2.100000  1.263791
-0.600000  -2.100000  1.088152
-0.500000  -2.100000  1.009505
-0.400000  -2.100000  1.029961
-0.300000  -2.100000  1.143673
-0.200000  -2.100000  1.337358
-0.100000  -2.100000  1.591480
0.000000  -2.100000  1.882000
0.100000  -2.100000  2.182520
0.200000  -2.100000  2.466642
0.300000  -2.100000  2.710327
0.400000  -2.100000  2.894039
0.500000  -2.100000  3.004495
0.600000  -2.100000  3.035848
0.700000  -2.100000  2.990209
0.800000  -2.100000  2.877463
0.900000  -2.100000  2.714380
1.000000  -2.100000  2.523120
1.100000  -2.100000  2.329254
1.200000  -2.100000  2.159480
1.300000  -2.100000  2.039234
1.400000  -2.100000  1.990424
1.500000  -2.100000  2.029470
1.600000  -2.100000  2.165835
1.700000  -2.100000  2.401185
1.800000  -2.100000  2.729236
1.900000  -2.100000  3.136314
2.000000  -2.100000  3.602585
2.100000  -2.100000  4.103814
2.200000  -2.100000  4.613541
2.300000  -2.100000  5.105440
2.400000  -2.100000  5.555668
-2.500000  -2.000000  4.187000
-2.400000  -2.000000  4.086332
-2.300000  -2.000000  4.066560
-2.200000  -2.000000  4.108459
-2.100000  -2.000000  4.188186
-2.000000  -2.000000  4.279415
-1.900000  -2.000000  4.355686
-1.800000  -2.000000  4.392764
-1.700000  -2.000000  4.370815
-1.600000  -2.000000  4.276165
-1.500000  -2.000000  4.102530
-1.400000  -2.000000  3.851576
-1.300000  -2.000000  3.532766
-1.200000  -2.000000  3.162520
-1.100000  -2.000000  2.762746
-1.000000  -2.000000  2.358880
-0.900000  -2.000000  1.977620
-0.800000  -2.000000  1.644537
-0.700000  -2.000000  1.381791
-0.600000  -2.000000  1.206152
-0.500000  -2.000000  1.127505
-0.400000  -2.000000  1.147961
-0.300000  -2.000000  1.261673
-0.200000  -2.000000  1.455358
-0.100000  -2.000000  1.709480
0.000000  -2.000000  2.000000
0.100000  -2.000000  2.300520
0.200000  -2.000000  2.584642
0.300000  -2.000000  2.828327
0.400000  -2.000000  3.012039
0.500000  -2.000000  3.122495
0.600000  -2.000000  3.153848
0.700000  -2.000000  3.108209
0.800000  -2.000000  2.995463
0.900000  -2.000000  2.832380
1.000000  -2.000000  2.641120
1.100000  -2.000000  2.447254
1.200000  -2.000000  2.277480
1.300000  -2.000000  2.157234
1.400000  -2.000000  2.108424
1.500000  -2.000000  2.147470
1.600000  -2.000000  2.283835
1.700000  -2.000000  2.519185
1.800000  -2.000000  2.847236
1.900000  -2.000000  3.254314
2.000000  -2.000000  3.720585
2.100000  -2.000000  4.221814
2.200000  -2.000000  4.731541
2.300000  -2.000000  5.223440
2.400000  -2.000000  5.673668
-2.500000  -1.900000  4.289000
-2.400000  -1.900000  4.188332
-2.300000  -1.900000  4.168560
-2.200000  -1.900000  4.210459
-2.100000  -1.900000  4.290186
-2.000000  -1.900000  4.381415
-1.900000  -1.900000  4.457686
-1.800000  -1.900000  4.494764
-1.700000  -1.900000  4.472815
-1.600000  -1.900000  4.378165
-1.500000  -1.900000  4.204530
-1.400000  -1.900000  3.953576
-1.300000  -1.900000  3.634766
-1.200000  -1.900000  3.264520
-1.100000  -1.900000  2.864746
-1.000000  -1.900000  2.460880
-0.900000  -1.900000  2.079620
-0.800000  -1.900000  1.746537
-0.700000  -1.900000  1.483791
-0.600000  -1.900000  1.308152
-0.500000  -1.900000  1.229505
-0.400000  -1.900000  1.249961
-0.300000  -1.900000  1.363673
-0.200000  -1.900000  1.557358
-0.100000  -1.900000  1.811480
0.000000  -1.900000  2.102000
0.100000  -1.900000  2.402520
0.200000  -1.900000  2.686642
0.300000  -1.900000  2.930327
0.400000  -1.900000  3.114039
0.500000  -1.900000  3.224495
0.600000  -1.900000  3.255848
0.700000  -1.900000  3.210209
0.800000  -1.900000  3.097463
0.900000  -1.900000  2.934380
1.000000  -1.900000  2.743120
1.100000  -1.900000  2.549254
1.200000  -1.900000  2.379480
1.300000  -1.900000  2.259234
1.400000  -1.900000  2.210424
1.500000  -1.900000  2.249470
1.600000  -1.900000  2.385835
1.700000  -1.900000  2.621185
1.800000  -1.900000  2.949236
1.900000  -1.900000  3.356314
2.000000  -1.900000  3.822585
2.100000  -1.900000  4.323814
2.200000  -1.900000  4.833541
2.300000  -1.900000  5.325440
2.400000  -1.900000  5.775668
-2.500000  -1.800000  4.375000
-2.400000  -1.800000  4.274332
-2.300000  -1.800000  4.254560
-2.200000  -1.800000  4.296459
-2.100000  -1.800000  4.376186
-2.000000  -1.800000  4.467415
-1.900000  -1.800000  4.543686
-1.800000  -1.800000  4.580764
-1.700000  -1.800000  4.558815
-1.600000  -1.800000  4.464165
-1.500000  -1.800000  4.290530
-1.400000  -1.800000  4.039576
-1.300000  -1.800000  3.720766
-1.200000  -1.800000  3.350520
-1.100000  -1.800000  2.950746
-1.000000  -1.800000  2.546880
-0.900000  -1.800000  2.165620
-0.800000  -1.800000  1.832537
-0.700000  -1.800000  1.569791
-0.600000  -1.800000  1.394152
-0.500000  -1.800000  1.315505
-0.400000  -1.800000  1.335961
-0.300000  -1.800000  1.449673
-0.200000  -1.800000  1.643358
-0.100000  -1.800000  1.897480
0.000000  -1.800000  2.188000
0.100000  -1.800000  2.488520
0.200000  -1.800000  2.772642
0.300000  -1.800000  3.016327
0.400000  -1.800000  3.200039
0.500000  -1.800000  3.310495
0.600000  -1.800000  3.341848
0.700000  -1.800000  3.296209
0.800000  -1.800000  3.183463
0.900000  -1.800000  3.020380
1.000000  -1.800000  2.829120
1.100000  -1.800000  2.635254
1.200000  -1.800000  2.465480
1.300000  -1.800000  2.345234
1.400000  -1.800000  2.296424
1.500000  -1.800000  2.335470
1.600000  -1.800000  2.471835
1.700000  -1.800000  2.707185
1.800000  -1.800000  3.035236
1.900000  -1.800000  3.442314
2.000000  -1.800000  3.908585
2.100000  -1.800000  4.409814
2.200000  -1.800000  4.919541
2.300000  -1.800000  5.411440
2.400000  -1.800000  5.861668
-2.500000  -1.700000  4.445000
-2.400000  -1.700000  4.344332
-2.300000  -1.700000  4.324560
-2.200000  -1.700000  4.366459
-2.100000  -1.700000  4.446186
-2.000000  -1.700000  4.537415
-1.900000  -1.700000  4.613686
-1.800000  -1.700000  4.650764
-1.700000  -1.700000  4.628815
-1.600000  -1.700000  4.534165
-1.500000  -1.700000  4.360530
-1.400000  -1.700000  4.109576
-1.300000  -1.700000  3.790766
-1.200000  -1.700000  3.420520
-1.100000  -1.700000  3.020746
-1.000000  -1.700000  2.616880
-0.900000  -1.700000  2.235620
-0.800000  -1.700000  1.902537
-0.700000  -1.700000  1.639791
-0.600000  -1.700000  1.464152
-0.500000  -1.700000  1.385505
-0.400000  -1.700000  1.405961
-0.300000  -1.700000  1.519673
-0.200000  -1.700000  1.713358
-0.100000  -1.700000  1.967480
0.000000  -1.700000  2.258000
0.100000  -1.700000  2.558520
0.200000  -1.700000  2.842642
0.300000  -1.700000  3.086327
0.400000  -1.700000  3.270039
0.500000  -1.700000  3.380495
0.600000  -1.700000  3.411848
0.700000  -1.700000  3.366209
0.800000  -1.700000  3.253463
0.900000  -1.700000  3.090380
1.000000  -1.700000  2.899120
1.100000  -1.700000  2.705254
1.200000  -1.700000  2.535480
1.300000  -1.700000  2.415234
1.400000  -1.700000  2.366424
1.500000  -1.700000  2.405470
1.600000  -1.700000  2.541835
1.700000  -1.700000  2.777185
1.800000  -1.700000  3.105236
1.900000  -1.700000  3.512314
2.000000  -1.700000  3.978585
2.100000  -1.700000  4.479814
2.200000  -1.700000  4.989541
2.300000  -1.700000  5.481440
2.400000  -1.700000  5.931668
-2.500000  -1.600000  4.499000
-2.400000  -1.600000  4.398332
-2.300000  -1.600000  4.378560
-2.200000  -1.600000  4.420459
-2.100000  -1.600000  4.500186
-2.000000  -1.600000  4.591415
-1.900000  -1.600000  4.667686
-1.800000  -1.600000  4.704764
-1.700000  -1.600000  4.682815
-1.600000  -1.600000  4.588165
-1.500000  -1.600000  4.414530
-1.400000  -1.600000  4.163576
-1.300000  -1.600000  3.844766
-1.200000  -1.600000  3.474520
-1.100000  -1.600000  3.074746
-1.000000  -1.600000  2.670880
-0.900000  -1.600000  2.289620
-0.800000  -1.600000  1.956537
-0.700000  -1.600000  1.693791
-0.600000  -1.600000  1.518152
-0.500000  -1.600000  1.439505
-0.400000  -1.600000  1.459961
-0.300000  -1.600000  1.573673
-0.200000  -1.600000  1.767358
-0.100000  -1.600000  2.021480
0.000000  -1.600000  2.312000
0.100000  -1.600000  2.612520
0.200000  -1.600000  2.896642
0.300000  -1.600000  3.140327
0.400000  -1.600000  3.324039
0.500000  -1.600000  3.434495
0.600000  -1.600000  3.465848
0.700000  -1.600000  3.420209
0.800000  -1.600000  3.307463
0.900000  -1.600000  3.144380
1.000000  -1.600000  2.953120
1.100000  -1.600000  2.759254
1.200000  -1.600000  2.589480
1.300000  -1.600000  2.469234
1.400000  -1.600000  2.420424
1.500000  -1.600000  2.459470
1.600000  -1.600000  2.595835
1.700000  -1.600000  2.831185
1.800000  -1.600000  3.159236
1.900000  -1.600000  3.566314
2.000000  -1.600000  4.032585
2.100000  -1.600000  4.533814
2.200000  -1.600000  5.043541
2.300000  -1.600000  5.535440
2.400000  -1.600000  5.985668
-2.500000  -1.500000  4.537000
-2.400000  -1.500000  4.436332
-2.300000  -1.500000  4.416560
-2.200000  -1.500000  4.458459
-2.100000  -1.500000  4.538186
-2.000000  -1.500000  4.629415
-1.900000  -1.500000  4.705686
-1.800000  -1.500000  4.742764
-1.700000  -1.500000  4.720815
-1.600000  -1.500000  4.626165
-1.500000  -1.500000  4.452530
-1.400000  -1.500000  4.201576
-1.300000  -1.500000  3.882766
-1.200000  -1.500000  3.512520
-1.100000  -1.500000  3.112746
-1.000000  -1.500000  2.708880
-0.900000  -1.500000  2.327620
-0.800000  -1.500000  1.994537
-0.700000  -1.500000  1.731791
-0.600000  -1.500000  1.556152
-0.500000  -1.500000  1.477505
-0.400000  -1.500000  1.497961
-0.300000  -1.500000  1.611673
-0.200000  -1.500000  1.805358
-0.100000  -1.500000  2.059480
0.000000  -1.500000  2.350000
0.100000  -1.500000  2.650520
0.200000  -1.500000  2.934642
0.300000  -1.500000  3.178327
0.400000  -1.500000  3.362039
0.500000  -1.500000  3.472495
0.600000  -1.500000  3.503848
0.700000  -1.500000  3.458209
0.800000  -1.500000  3.345463
0.900000  -1.500000  3.182380
1.000000  -1.500000  2.991120
1.100000  -1.500000  2.797254
1.200000  -1.500000  2.627480
1.300000  -1.500000  2.507234
1.400000  -1.500000  2.458424
1.500000  -1.500000  2.497470
1.600000  -1.500000  2.633835
1.700000  -1.500000  2.869185
1.800000  -1.500000  3.197236
1.900000  -1.500000  3.604314
2.000000  -1.500000  4.070585
2.100000  -1.500000  4.571814
2.200000  -1.500000  5.081541
2.300000  -1.500000  5.573440
2.400000  -1.500000  6.023668
-2.500000  -1.400000  4.559000
-2.400000  -1.400000  4.458332
-2.300000  -1.400000  4.438560
-2.200000  -1.400000  4.480459
-2.100000  -1.400000  4.560186
-2.000000  -1.400000  4.651415
-1.900000  -1.400000  4.727686
-1.800000  -1.400000  4.764764
-1.700000  -1.400000  4.742815
-1.600000  -1.400000  4.648165
-1.500000  -1.400000  4.474530
-1.400000  -1.400000  4.223576
-1.300000  -1.400000  3.904766
-1.200000  -1.400000  3.534520
-1.100000  -1.400000  3.134746
-1.000000  -1.400000  2.730880
-0.900000  -1.400000  2.349620
-0.800000  -1.400000  2.016537
-0.700000  -1.400000  1.753791
-0.600000  -1.400000  1.578152
-0.500000  -1.400000  1.499505
-0.400000  -1.400000  1.519961
-0.300000  -1.400000  1.633673
-0.200000  -1.400000  1.827358
-0.100000  -1.400000  2.081480
0.000000  -1.400000  2.372000
0.100000  -1.400000  2.672520
0.200000  -1.400000  2.956642
0.300000  -1.400000  3.200327
0.400000  -1.400000  3.384039
0.500000  -1.400000  3.494495
0.600000  -1.400000  3.525848
0.700000  -1.400000  3.480209
0.800000  -1.400000  3.367463
0.900000  -1.400000  3.204380
1.000000  -1.400000  3.013120
1.100000  -1.400000  2.819254
1.200000  -1.400000  2.649480
1.300000  -1.400000  2.529234
1.400000  -1.400000  2.480424
1.500000  -1.400000  2.519470
1.600000  -1.400000  2.655835
1.700000  -1.400000  2.891185
1.800000  -1.400000  3.219236
1.900000  -1.400000  3.626314
2.000000  -1.400000  4.092585
2.100000  -1.400000  4.593814
2.200000  -1.400000  5.103541
2.300000  -1.400000  5.595440
2.400000  -1.400000  6.045668
-2.500000  -1.300000  4.565000
-2.400000  -1.300000  4.464332
-2.300000  -1.300000  4.444560
-2.200000  -1.300000  4.486459
-2.100000  -1.300000  4.566186
-2.000000  -1.300000  4.657415
-1.900000  -1.300000  4.733686
-1.800000  -1.300000  4.770764
-1.700000  -1.300000  4.748815
-1.600000  -1.300000  4.654165
-1.500000  -1.300000  4.480530
-1.400000  -1.300000  4.229576
-1.300000  -1.300000  3.910766
-1.200000  -1.300000  3.540520
-1.100000  -1.300000  3.140746
-1.000000  -1.300000  2.736880
-0.900000  -1.300000  2.355620
-0.800000  -1.300000  2.022537
-0.700000  -1.300000  1.759791
-0.600000  -1.300000  1.584152
-0.500000  -1.300000  1.505505
-0.400000  -1.300000  1.525961
-0.300000  -1.300000  1.639673
-0.200000  -1.300000  1.833358
-0.100000  -1.300000  2.087480
0.000000  -1.300000  2.378000
0.100000  -1.300000  2.678520
0.200000  -1.300000  2.962642
0.300000  -1.300000  3.206327
0.400000  -1.300000  3.390039
0.500000  -1.300000  3.500495
0.600000  -1.300000  3.531848
0.700000  -1.300000  3.486209
0.800000  -1.300000  3.373463
0.900000  -1.300000  3.210380
1.000000  -1.300000  3.019120
1.100000  -1.300000  2.825254
1.200000  -1.300000  2.655480
1.300000  -1.300000  2.535234
1.400000  -1.300000  2.486424
1.500000  -1.300000  2.525470
1.600000  -1.300000  2.661835
1.700000  -1.300000  2.897185
1.800000  -1.300000  3.225236
1.900000  -1.300000  3.632314
2.000000  -1.300000  4.098585
2.100000  -1.300000  4.599814
2.200000  -1.300000  5.109541
2.300000  -1.300000  5.601440
2.400000  -1.300000  6.051668
-2.500000  -1.200000  4.555000
-2.400000  -1.200000  4.454332
-2.300000  -1.200000  4.434560
-2.200000  -1.200000  4.476459
-2.100000  -1.200000  4.556186
-2.000000  -1.200000  4.647415
-1.900000  -1.200000  4.723686
-1.800000  -1.200000  4.760764
-1.700000  -1.200000  4.738815
-1.600000  -1.200000  4.644165
-1.500000  -1.200000  4.470530
-1.400000  -1.200000  4.219576
-1.300000  -1.200000  3.900766
-1.200000  -1.200000  3.530520
-1.100000  -1.200000  3.130746
-1.000000  -1.200000  2.726880
-0.900000  -1.200000  2.345620
-0.800000  -1.200000  2.012537
-0.700000  -1.200000  1.749791
-0.600000  -1.200000  1.574152
-0.500000  -1.200000  1.495505
-0.400000  -1.200000  1.515961
-0.300000  -1.200000  1.629673
-0.200000  -1.200000  1.823358
-0.100000  -1.200000  2.077480
0.000000  -1.200000  2.368000
0.100000  -1.200000  2.668520
0.200000  -1.200000  2.952642
0.300000  -1.200000  3.196327
0.400000  -1.200000  3.380039
0.500000  -1.200000  3.490495
0.600000  -1.200000  3.521848
0.700000  -1.200000  3.476209
0.800000  -1.200000  3.363463
0.900000  -1.200000  3.200380
1.000000  -1.200000  3.009120
1.100000  -1.200000  2.815254
1.200000  -1.200000  2.645480
1.300000  -1.200000  2.525234
1.400000  -1.200000  2.476424
1.500000  -1.200000  2.515470
1.600000  -1.200000  2.651835
1.700000  -1.200000  2.887185
1.800000  -1.200000  3.215236
1.900000  -1.200000  3.622314
2.000000  -1.200000  4.088585
2.100000  -1.200000  4.589814
2.200000  -1.200000  5.099541
2.300000  -1.200000  5.591440
2.400000  -1.200000  6.041668
-2.500000  -1.100000  4.529000
-2.400000  -1.100000  4.428332
-2.300000  -1.100000  4.408560
-2.200000  -1.100000  4.450459
-2.100000  -1.100000  4.530186
-2.000000  -1.100000  4.621415
-1.900000  -1.100000  4.697686
-1.800000  -1.100000  4.734764
-1.700000  -1.100000  4.712815
-1.600000  -1.100000  4.618165
-1.500000  -1.100000  4.444530
-1.400000  -1.100000  4.193576
-1.300000  -1.100000  3.874766
-1.200000  -1.100000  3.504520
-1.100000  -1.100000  3.104746
-1.000000  -1.100000  2.700880
-0.900000  -1.100000  2.319620
-0.800000  -1.100000  1.986537
-0.700000  -1.100000  1.723791
-0.600000  -1.100000  1.548152
-0.500000  -1.100000  1.469505
-0.400000  -1.100000  1.489961
-0.300000  -1.100000  1.603673
-0.200000  -1.100000  1.797358
-0.100000  -1.100000  2.051480
0.000000  -1.100000  2.342000
0.100000  -1.100000  2.642520
0.200000  -1.100000  2.926642
0.300000  -1.100000  3.170327
0.400000  -1.100000  3.354039
0.500000  -1.100000  3.464495
0.600000  -1.100000  3.495848
0.700000  -1.100000  3.450209
0.800000  -1.100000  3.337463
0.900000  -1.100000  3.174380
1.000000  -1.100000  2.983120
1.100000  -1.100000  2.789254
1.200000  -1.100000  2.619480
1.300000  -1.100000  2.499234
1.400000  -1.100000  2.450424
1.500000  -1.100000  2.489470
1.600000  -1.100000  2.625835
1.700000  -1.100000  2.861185
1.800000  -1.100000  3.189236
1.900000  -1.100000  3.596314
2.000000  -1.100000  4.062585
2.100000  -1.100000  4.563814
2.200000  -1.100000  5.073541
2.300000  -1.100000  5.565440
2.400000  -1.100000  6.015668
-2.500000  -1.000000  4.487000
-2.400000  -1.000000  4.386332
-2.300000  -1.000000  4.366560
-2.200000  -1.000000  4.408459
-2.100000  -1.000000  4.488186
-2.000000  -1.000000  4.579415
-1.900000  -1.000000  4.655686
-1.800000  -1.000000  4.692764
-1.700000  -1.000000  4.670815
-1.600000  -1.000000  4.576165
-1.500000  -1.000000  4.402530
-1.400000  -1.000000  4.151576
-1.300000  -1.000000  3.832766
-1.200000  -1.000000  3.462520
-1.100000  -1.000000  3.062746
-1.000000  -1.000000  2.658880
-0.900000  -1.000000  2.277620
-0.800000  -1.000000  1.944537
-0.700000  -1.000000  1.681791
-0.600000  -1.000000  1.506152
-0.500000  -1.000000  1.427505
-0.400000  -1.000000  1.447961
-0.300000  -1.000000  1.561673
-0.200000  -1.000000  1.755358
-0.100000  -1.000000  2.009480
0.000000  -1.000000  2.300000
0.100000  -1.000000  2.600520
0.200000  -1.000000  2.884642
0.300000  -1.000000  3.128327
0.400000  -1.000000  3.312039
0.500000  -1.000000  3.422495
0.600000  -1.000000  3.453848
0.700000  -1.000000  3.408209
0.800000  -1.000000  3.295463
0.900000  -1.000000  3.132380
1.000000  -1.000000  2.941120
1.100000  -1.000000  2.747254
1.200000  -1.000000  2.577480
1.300000  -1.000000  2.457234
1.400000  -1.000000  2.408424
1.500000  -1.000000  2.447470
1.600000  -1.000000  2.583835
1.700000  -1.000000  2.819185
1.800000  -1.000000  3.147236
1.900000  -1.000000  3.554314
2.000000  -1.000000  4.020585
2.100000  -1.000000  4.521814
2.200000  -1.000000  5.031541
2.300000  -1.000000  5.523440
2.400000  -1.000000  5.973668
-2.500000  -0.900000  4.429000
-2.400000  -0.900000  4.328332
-2.300000  -0.900000  4.308560
-2.200000  -0.900000  4.350459
-2.100000  -0.900000  4.430186
-2.000000  -0.900000  4.521415
-1.900000  -0.900000  4.597686
-1.800000  -0.900000  4.634764
-1.700000  -0.900000  4.612815
-1.600000  -0.900000  4.518165
-1.500000  -0.900000  4.344530
-1.400000  -0.900000  4.093576
-1.300000  -0.900000  3.774766
-1.200000  -0.900000  3.404520
-1.100000  -0.900000  3.004746
-1.000000  -0.900000  2.600880
-0.900000  -0.900000  2.219620
-0.800000  -0.900000  1.886537
-0.700000  -0.900000  1.623791
-0.600000  -0.900000  1.448152
-0.500000  -0.900000  1.369505
-0.400000  -0.900000  1.389961
-0.300000  -0.900000  1.503673
-0.200000  -0.900000  1.697358
-0.100000  -0.900000  1.951480
0.000000  -0.900000  2.242000
0.100000  -0.900000  2.542520
0.200000  -0.900000  2.826642
0.300000  -0.900000  3.070327
0.400000  -0.900000  3.254039
0.500000  -0.900000  3.364495
0.600000  -0.900000  3.395848
0.700000  -0.900000  3.350209
0.800000  -0.900000  3.237463
0.900000  -0.900000  3.074380
1.000000  -0.900000  2.883120
1.100000  -0.900000  2.689254
1.200000  -0.900000  2.519480
1.300000  -0.900000  2.399234
1.400000  -0.900000  2.350424
1.500000  -0.900000  2.389470
1.600000  -0.900000  2.525835
1.700000  -0.900000  2.761185
1.800000  -0.900000  3.089236
1.900000  -0.900000  3.496314
2.000000  -0.900000  3.962585
2.100000  -0.900000  4.463814
2.200000  -0.900000  4.973541
2.300000  -0.900000  5.465440
2.400000  -0.900000  5.915668
-2.500000  -0.800000  4.355000
-2.400000  -0.800000  4.254332
-2.300000  -0.800000  4.234560
-2.200000  -0.800000  4.276459
-2.100000  -0.800000  4.356186
-2.000000  -0.800000  4.447415
-1.900000  -0.800000  4.523686
-1.800000  -0.800000  4.560764
-1.700000  -0.800000  4.538815
-1.600000  -0.800000  4.444165
-1.500000  -0.800000  4.270530
-1.400000  -0.800000  4.019576
-1.300000  -0.800000  3.700766
-1.200000  -0.800000  3.330520
-1.100000  -0.800000  2.930746
-1.000000  -0.800000  2.526880
-0.900000  -0.800000  2.145620
-0.800000  -0.800000  1.812537
-0.700000  -0.800000  1.549791
-0.600000  -0.800000  1.374152
-0.500000  -0.800000  1.295505
-0.400000  -0.800000  1.315961
-0.300000  -0.800000  1.429673
-0.200000  -0.800000  1.623358
-0.100000  -0.800000  1.877480
0.000000  -0.800000  2.168000
0.100000  -0.800000  2.468520
0.200000  -0.800000  2.752642
0.300000  -0.800000  2.996327
0.400000  -0.800000  3.180039
0.500000  -0.800000  3.290495
0.600000  -0.800000  3.321848
0.700000  -0.800000  3.276209
0.800000  -0.800000  3.163463
0.900000  -0.800000  3.000380
1.000000  -0.800000  2.809120
1.100000  -0.800000  2.615254
1.200000  -0.800000  2.445480
1.300000  -0.800000  2.325234
1.400000  -0.800000  2.276424
1.500000  -0.800000  2.315470
1.600000  -0.800000  2.451835
1.700000  -0.800000  2.687185
1.800000  -0.800000  3.015236
1.900000  -0.800000  3.422314
2.000000  -0.800000  3.888585
2.100000  -0.800000  4.389814
2.200000  -0.800000  4.899541
2.300000  -0.800000  5.391440
2.400000  -0.800000  5.841668
-2.500000  -0.700000  4.265000
-2.400000  -0.700000  4.164332
-2.300000  -0.700000  4.144560
-2.200000  -0.700000  4.186459
-2.100000  -0.700000  4.266186
-2.000000  -0.700000  4.357415
-1.900000  -0.700000  4.433686
-1.800000  -0.700000  4.470764
-1.700000  -0.700000  4.448815
-1.600000  -0.700000  4.354165
-1.500000  -0.700000  4.180530
-1.400000  -0.700000  3.929576
-1.300000  -0.700000  3.610766
-1.200000  -0.700000  3.240520
-1.100000  -0.700000  2.840746
-1.000000  -0.700000  2.436880
-0.900000  -0.700000  2.055620
-0.800000  -0.700000  1.722537
-0.700000  -0.700000  1.459791
-0.600000  -0.700000  1.284152
-0.500000  -0.700000  1.205505
-0.400000  -0.700000  1.225961
-0.300000  -0.700000  1.339673
-0.200000  -0.700000  1.533358
-0.100000  -0.700000  1.787480
0.000000  -0.700000  2.078000
0.100000  -0.700000  2.378520
0.200000  -0.700000  2.662642
0.300000  -0.700000  2.906327
0.400000  -0.700000  3.090039
0.500000  -0.700000  3.200495
0.600000  -0.700000  3.231848
0.700000  -0.700000  3.186209
0.800000  -0.700000  3.073463
0.900000  -0.700000  2.910380
1.000000  -0.700000  2.719120
1.100000  -0.700000  2.525254
1.200000  -0.700000  2.355480
1.300000  -0.700000  2.235234
1.400000  -0.700000  2.186424
1.500000  -0.700000  2.225470
1.600000  -0.700000  2.361835
1.700000  -0.700000  2.597185
1.800000  -0.700000  2.925236
1.900000  -0.700000  3.332314
2.000000  -0.700000  3.798585
2.100000  -0.700000  4.299814
2.200000  -0.700000  4.809541
2.300000  -0.700000  5.301440
2.400000  -0.700000  5.751668
-2.500000  -0.600000  4.159000
-2.400000  -0.600000  4.058332
-2.300000  -0.600000  4.038560
-2.200000  -0.600000  4.080459
-2.100000  -0.600000  4.160186
-2.000000  -0.600000  4.251415
-1.900000  -0.600000  4.327686
-1.800000  -0.600000  4.364764
-1.700000  -0.600000  4.342815
-1.600000  -0.600000  4.248165
-1.500000  -0.600000  4.074530
-1.400000  -0.600000  3.823576
-1.300000  -0.600000  3.504766
-1.200000  -0.600000  3.134520
-1.100000  -0.600000  2.734746
-1.000000  -0.600000  2.330880
-0.900000  -0.600000  1.949620
-0.800000  -0.600000  1.616537
-0.700000  -0.600000  1.353791
-0.600000  -0.600000  1.178152
-0.500000  -0.600000  1.099505
-0.400000  -0.600000  1.119961
-0.300000  -0.600000  1.233673
-0.200000  -0.600000  1.427358
-0.100000  -0.600000  1.681480
0.000000  -0.600000  1.972000
0.100000  -0.600000  2.272520
0.200000  -0.600000  2.556642
0.300000  -0.600000  2.800327
0.400000  -0.600000  2.984039
0.500000  -0.600000  3.094495
0.600000  -0.600000  3.125848
0.700000  -0.600000  3.080209
0.800000  -0.600000  2.967463
0.900000  -0.600000  2.804380
1.000000  -0.600000  2.613120
1.100000  -0.600000  2.419254
1.200000  -0.600000  2.249480
1.300000  -0.600000  2.129234
1.400000  -0.600000  2.080424
1.500000  -0.600000  2.119470
1.600000  -0.600000  2.255835
1.700000  -0.600000  2.491185
1.800000  -0.600000  2.819236
1.900000  -0.600000  3.226314
2.000000  -0.600000  3.692585
2.100000  -0.600000  4.193814
2.200000  -0.600000  4.703541
2.300000  -0.600000  5.195440
2.400000  -0.600000  5.645668
-2.500000  -0.500000  4.037000
-2.400000  -0.500000  3.936332
-2.300000  -0.500000  3.916560
-2.200000  -0.500000  3.958459
-2.100000  -0.500000  4.038186
-2.000000  -0.500000  4.129415
-1.900000  -0.500000  4.205686
-1.800000  -0.500000  4.242764
-1.700000  -0.500000  4.220815
-1.600000  -0.500000  4.126165
-1.500000  -0.500000  3.952530
-1.400000  -0.500000  3.701576
-1.300000  -0.500000  3.382766
-1.200000  -0.500000  3.012520
-1.100000  -0.500000  2.612746
-1.000000  -0.500000  2.208880
-0.900000  -0.500000  1.827620
-0.800000  -0.500000  1.494537
-0.700000  -0.500000  1.231791
-0.600000  -0.500000  1.056152
-0.500000  -0.500000  0.977505
-0.400000  -0.500000  0.997961
-0.300000  -0.500000  1.111673
-0.200000  -0.500000  1.305358
-0.100000  -0.500000  1.559480
0.000000  -0.500000  1.850000
0.100000  -0.500000  2.150520
0.200000  -0.500000  2.434642
0.300000  -0.500000  2.678327
0.400000  -0.500000  2.862039
0.500000  -0.500000  2.972495
0.600000  -0.500000  3.003848
0.700000  -0.500000  2.958209
0.800000  -0.500000  2.845463
0.900000  -0.500000  2.682380
1.000000  -0.500000  2.491120
1.100000  -0.500000  2.297254
1.200000  -0.500000  2.127480
1.300000  -0.500000  2.007234
1.400000  -0.500000  1.958424
1.500000  -0.500000  1.997470
1.600000  -0.500000  2.133835
1.700000  -0.500000  2.369185
1.800000  -0.500000  2.697236
1.900000  -0.500000  3.104314
2.000000  -0.500000  3.570585
2.100000  -0.500000  4.071814
2.200000  -0.500000  4.581541
2.300000  -0.500000  5.073440
2.400000  -0.500000  5.523668
-2.500000  -0.400000  3.899000
-2.400000  -0.400000  3.798332
-2.300000  -0.400000  3.778560
-2.200000  -0.400000  3.820459
-2.100000  -0.400000  3.900186
-2.000000  -0.400000  3.991415
-1.900000  -0.400000  4.067686
-1.800000  -0.400000  4.104764
-1.700000  -0.400000  4.082815
-1.600000  -0.400000  3.988165
-1.500000  -0.400000  3.814530
-1.400000  -0.400000  3.563576
-1.300000  -0.400000  3.244766
-1.200000  -0.400000  2.874520
-1.100000  -0.400000  2.474746
-1.000000  -0.400000  2.070880
-0.900000  -0.400000  1.689620
-0.800000  -0.400000  1.356537
-0.700000  -0.400000  1.093791
-0.600000  -0.400000  0.918152
-0.500000  -0.400000  0.839505
-0.400000  -0.400000  0.859961
-0.300000  -0.400000  0.973673
-0.200000  -0.400000  1.167358
-0.100000  -0.400000  1.421480
0.000000  -0.400000  1.712000
0.100000  -0.400000  2.012520
0.200000  -0.400000  2.296642
0.300000  -0.400000  2.540327
0.400000  -0.400000  2.724039
0.500000  -0.400000  2.834495
0.600000  -0.400000  2.865848
0.700000  -0.400000  2.820209
0.800000  -0.400000  2.707463
0.900000  -0.400000  2.544380
1.000000  -0.400000  2.353120
1.100000  -0.400000  2.159254
1.200000  -0.400000  1.989480
1.300000  -0.400000  1.869234
1.400000  -0.400000  1.820424
1.500000  -0.400000  1.859470
1.600000  -0.400000  1.995835
1.700000  -0.400000  2.231185
1.800000  -0.400000  2.559236
1.900000  -0.400000  2.966314
2.000000  -0.400000  3.432585
2.100000  -0.400000  3.933814
2.200000  -0.400000  4.443541
2.300000  -0.400000  4.935440
2.400000  -0.400000  5.385668
-2.500000  -0.300000  3.745000
-2.400000  -0.300000  3.644332
-2.300000  -0.300000  3.624560
-2.200000  -0.300000  3.666459
-2.100000  -0.300000  3.746186
-2.000000  -0.300000  3.837415
-1.900000  -0.300000  3.913686
-1.800000  -0.300000  3.950764
-1.700000  -0.300000  3.928815
-1.600000  -0.300000  3.834165
-1.500000  -0.300000  3.660530
-1.400000  -0.300000  3.409576
-1.300000  -0.300000  3.090766
-1.200000  -0.300000  2.720520
-1.100000  -0.300000  2.320746
-1.000000  -0.300000  1.916880
-0.900000  -0.300000  1.535620
-0.800000  -0.300000  1.202537
-0.700000  -0.300000  0.939791
-0.600000  -0.300000  0.764152
-0.500000  -0.300000  0.685505
-0.400000  -0.300000  0.705961
-0.300000  -0.300000  0.819673
-0.200000  -0.300000  1.013358
-0.100000  -0.300000  1.267480
0.000000  -0.300000  1.558000
0.100000  -0.300000  1.858520
0.200000  -0.300000  2.142642
0.300000  -0.300000  2.386327
0.400000  -0.300000  2.570039
0.500000  -0.300000  2.680495
0.600000  -0.300000  2.711848
0.700000  -0.300000  2.666209
0.800000  -0.300000  2.553463
0.900000  -0.300000  2.390380
1.000000  -0.300000  2.199120
1.100000  -0.300000  2.005254
1.200000  -0.300000  1.835480
1.300000  -0.300000  1.715234
1.400000  -0.300000  1.666424
1.500000  -0.300000  1.705470
1.600000  -0.300000  1.841835
1.700000  -0.300000  2.077185
1.800000  -0.300000  2.405236
1.900000  -0.300000  2.812314
2.000000  -0.300000  3.278585
2.100000  -0.300000  3.779814
2.200000  -0.300000  4.289541
2.300000  -0.300000  4.781440
2.400000  -0.300000  5.231668
-2.500000  -0.200000  3.575000
-2.400000  -0.200000  3.474332
-2.300000  -0.200000  3.454560
-2.200000  -0.200000  3.496459
-2.100000  -0.200000  3.576186
-2.000000  -0.200000  3.667415
-1.900000  -0.200000  3.743686
-1.800000  -0.200000  3.780764
-1.700000  -0.200000  3.758815
-1.600000  -0.200000  3.664165
-1.500000  -0.200000  3.490530
-1.400000  -0.200000  3.239576
-1.300000  -0.200000  2.920766
-1.200000  -0.200000  2.550520
-1.100000  -0.200000  2.150746
-1.000000  -0.200000  1.746880
-0.900000  -0.200000  1.365620
-0.800000  -0.200000  1.032537
-0.700000  -0.200000  0.769791
-0.600000  -0.200000  0.594152
-0.500000  -0.200000  0.515505
-0.400000  -0.200000  0.535961
-0.300000  -0.200000  0.649673
-0.200000  -0.200000  0.843358
-0.100000  -0.200000  1.097480
0.000000  -0.200000  1.388000
0.100000  -0.200000  1.688520
0.200000  -0.200000  1.972642
0.300000  -0.200000  2.216327
0.400000  -0.200000  2.400039
0.500000  -0.200000  2.510495
0.600000  -0.200000  2.541848
0.700000  -0.200000  2.496209
0.800000  -0.200000  2.383463
0.900000  -0.200000  2.220380
1.000000  -0.200000  2.029120
1.100000  -0.200000  1.835254
1.200000  -0.200000  1.665480
1.300000  -0.200000  1.545234
1.400000  -0.200000  1.496424
1.500000  -0.200000  1.535470
1.600000  -0.200000  1.671835
1.700000  -0.200000  1.907185
1.800000  -0.200000  2.235236
1.900000  -0.200000  2.642314
2.000000  -0.200000  3.108585
2.100000  -0.200000  3.609814
2.200000  -0.200000  4.119541
2.300000  -0.200000  4.611440
2.400000  -0.200000  5.061668
-2.500000  -0.100000  3.389000
-2.400000  -0.100000  3.288332
-2.300000  -0.100000  3.268560
-2.200000  -0.100000  3.310459
-2.100000  -0.100000  3.390186
-2.000000  -0.100000  3.481415
-1.900000  -0.100000  3.557686
-1.800000  -0.100000  3.594764
-1.700000  -0.100000  3.572815
-1.600000  -0.100000  3.478165
-1.500000  -0.100000  3.304530
-1.400000  -0.100000  3.053576
-1.300000  -0.100000  2.734766
-1.200000  -0.100000  2.364520
-1.100000  -0.100000  1.964746
-1.000000  -0.100000  1.560880
-0.900000  -0.100000  1.179620
-0.800000  -0.100000  0.846537
-0.700000  -0.100000  0.583791
-0.600000  -0.100000  0.408152
-0.500000  -0.100000  0.329505
-0.400000  -0.100000  0.349961
-0.300000  -0.100000  0.463673
-0.200000  -0.100000  0.657358
-0.100000  -0.100000  0.911480
0.000000  -0.100000  1.202000
0.100000  -0.100000  1.502520
0.200000  -0.100000  1.786642
0.300000  -0.100000  2.030327
0.400000  -0.100000  2.214039
0.500000  -0.100000  2.324495
0.600000  -0.100000  2.355848
0.700000  -0.100000  2.310209
0.800000  -0.100000  2.197463
0.900000  -0.100000  2.034380
1.000000  -0.100000  1.843120
1.100000  -0.100000  1.649254
1.200000  -0.100000  1.479480
1.300000  -0.100000  1.359234
1.400000  -0.100000  1.310424
1.500000  -0.100000  1.349470
1.600000  -0.100000  1.485835
1.700000  -0.100000  1.721185
1.800000  -0.100000  2.049236
1.900000  -0.100000  2.456314
2.000000  -0.100000  2.922585
2.100000  -0.100000  3.423814
2.200000  -0.100000  3.933541
2.300000  -0.100000  4.425440
2.400000  -0.100000  4.875668
-2.500000  0.000000  3.187000
-2.400000  0.000000  3.086332
-2.300000  0.000000  3.066560
-2.200000  0.000000  3.108459
-2.100000  0.000000  3.188186
-2.000000  0.000000  3.279415
-1.900000  0.000000  3.355686
-1.800000  0.000000  3.392764
-1.700000  0.000000  3.370815
-1.600000  0.000000  3.276165
-1.500000  0.000000  3.102530
-1.400000  0.000000  2.851576
-1.300000  0.000000  2.532766
-1.200000  0.000000  2.162520
-1.100000  0.000000  1.762746
-1.000000  0.000000  1.358880
-0.900000  0.000000  0.977620
-0.800000  0.000000  0.644537
-0.700000  0.000000  0.381791
-0.600000  0.000000  0.206152
-0.500000  0.000000  0.127505
-0.400000  0.000000  0.147961
-0.300000  0.000000  0.261673
-0.200000  0.000000  0.455358
-0.100000  0.000000  0.709480
0.000000  0.000000  1.000000
0.100000  0.000000  1.300520
0.200000  0.000000  1.584642
0.300000  0.000000  1.828327
0.400000  0.000000  2.012039
0.500000  0.000000  2.122495
0.600000  0.000000  2.153848
0.700000  0.000000  2.108209
0.800000  0.000000  1.995463
0.900000  0.000000  1.832380
1.000000  0.000000  1.641120
1.100000  0.000000  1.447254
1.200000  0.000000  1.277480
1.300000  0.000000  1.157234
1.400000  0.000000  1.108424
1.500000  0.000000  1.147470
1.600000  0.000000  1.283835
1.700000  0.000000  1.519185
1.800000  0.000000  1.847236
1.900000  0.000000  2.254314
2.000000  0.000000  2.720585
2.100000  0.000000  3.221814
2.200000  0.000000  3.731541
2.300000  0.000000  4.223440
2.400000  0.000000  4.673668
-2.500000  0.100000  2.969000
-2.400000  0.100000  2.868332
-2.300000  0.100000  2.848560
-2.200000  0.100000  2.890459
-2.100000  0.100000  2.970186
-2.000000  0.100000  3.061415
-1.900000  0.100000  3.137686
-1.800000  0.100000  3.174764
-1.700000  0.100000  3.152815
-1.600000  0.100000  3.058165
-1.500000  0.100000  2.884530
-1.400000  0.100000  2.633576
-1.300000  0.100000  2.314766
-1.200000  0.100000  1.944520
-1.100000  0.100000  1.544746
-1.000000  0.100000  1.140880
-0.900000  0.100000  0.759620
-0.800000  0.100000  0.426537
-0.700000  0.100000  0.163791
-0.600000  0.100000  -0.011848
-0.500000  0.100000  -0.090495
-0.400000  0.100000  -0.070039
-0.300000  0.100000  0.043673
-0.200000  0.100000  0.237358
-0.100000  0.100000  0.491480
0.000000  0.100000  0.782000
0.100000  0.100000  1.082520
0.200000  0.100000  1.366642
0.300000  0.100000  1.610327
0.400000  0.100000  1.794039
0.500000  0.100000  1.904495
0.600000  0.100000  1.935848
0.700000  0.100000  1.890209
0.800000  0.100000  1.777463
0.900000  0.100000  1.614380
1.000000  0.100000  1.423120
1.100000  0.100000  1.229254
1.200000  0.100000  1.059480
1.300000  0.100000  0.939234
1.400000  0.100000  0.890424
1.500000  0.100000  0.929470
1.600000  0.100000  1.065835
1.700000  0.100000  1.301185
1.800000  0.100000  1.629236
1.900000  0.100000  2.036314
2.000000  0.100000  2.502585
2.100000  0.100000  3.003814
2.200000  0.100000  3.513541
2.300000  0.100000  4.005440
2.400000  0.100000  4.455668
-2.500000  0.200000  2.735000
-2.400000  0.200000  2.634332
-2.300000  0.200000  2.614560
-2.200000  0.200000  2.656459
-2.100000  0.200000  2.736186
-2.000000  0.200000  2.827415
-1.900000  0.200000  2.903686
-1.800000  0.200000  2.940764
-1.700000  0.200000  2.918815
-1.600000  0.200000  2.824165
-1.500000  0.200000  2.650530
-1.400000  0.200000  2.399576
-1.300000  0.200000  2.080766
-1.200000  0.200000  1.710520
-1.100000  0.200000  1.310746
-1.000000  0.200000  0.906880
-0.900000  0.200000  0.525620
-0.800000  0.200000  0.192537
-0.700000  0.200000  -0.070209
-0.600000  0.200000  -0.245848
-0.500000  0.200000  -0.324495
-0.400000  0.200000  -0.304039
-0.300000  0.200000  -0.190327
-0.200000  0.200000  0.003358
-0.100000  0.200000  0.257480
0.000000  0.200000  0.548000
0.100000  0.200000  0.848520
0.200000  0.200000  1.132642
0.300000  0.200000  1.376327
0.400000  0.200000  1.560039
0.500000  0.200000  1.670495
0.600000  0.200000  1.701848
0.700000  0.200000  1.656209
0.800000  0.200000  1.543463
0.900000  0.200000  1.380380
1.000000  0.200000  1.189120
1.100000  0.200000  0.995254
1.200000  0.200000  0.825480
1.300000  0.200000  0.705234
1.400000  0.200000  0.656424
1.500000  0.200000  0.695470
1.600000  0.200000  0.831835
1.700000  0.200000  1.067185
1.800000  0.200000  1.395236
1.900000  0.200000  1.802314
2.000000  0.200000  2.268585
2.100000  0.200000  2.769814
2.200000  0.200000  3.279541
2.300000  0.200000  3.771440
2.400000  0.200000  4.221668
-2.500000  0.300000  2.485000
-2.400000  0.300000  2.384332
-2.300000  0.300000  2.364560
-2.200000  0.300000  2.406459
-2.100000  0.300000  2.486186
-2.000000  0.300000  2.577415
-1.900000  0.300000  2.653686
-1.800000  0.300000  2.690764
-1.700000  0.300000  2.668815
-1.600000  0.300000  2.574165
-1.500000  0.300000  2.400530
-1.400000  0.300000  2.149576
-1.300000  0.300000  1.830766
-1.200000  0.300000  1.460520
-1.100000  0.300000  1.060746
-1.000000  0.300000  0.656880
-0.900000  0.300000  0.275620
-0.800000  0.300000  -0.057463
-0.700000  0.300000  -0.320209
-0.600000  0.300000  -0.495848
-0.500000  0.300000  -0.574495
-0.400000  0.300000  -0.554039
-0.300000  0.300000  -0.440327
-0.200000  0.300000  -0.246642
-0.100000  0.300000  0.007480
0.000000  0.300000  0.298000
0.100000  0.300000  0.598520
0.200000  0.300000  0.882642
0.300000  0.300000  1.126327
0.400000  0.300000  1.310039
0.500000  0.300000  1.420495
0.600000  0.300000  1.451848
0.700000  0.300000  1.406209
0.800000  0.300000  1.293463
0.900000  0.300000  1.130380
1.000000  0.300000  0.939120
1.100000  0.300000  0.745254
1.200000  0.300000  0.575480
1.300000  0.300000  0.455234
1.400000  0.300000  0.406424
1.500000  0.300000  0.445470
1.600000  0.300000  0.581835
1.700000  0.300000  0.817185
1.800000  0.300000  1.145236
1.900000  0.300000  1.552314
2.000000  0.300000  2.018585
2.100000  0.300000  2.519814
2.200000  0.300000  3.029541
2.300000  0.300000  3.521440
2.400000  0.300000  3.971668
-2.500000  0.400000  2.219000
-2.400000  0.400000  2.118332
-2.300000  0.400000  2.098560
-2.200000  0.400000  2.140459
-2.100000  0.400000  2.220186
-2.000000  0.400000  2.311415
-1.900000  0.400000  2.387686
-1.800000  0.400000  2.424764
-1.700000  0.400000  2.402815
-1.600000  0.400000  2.308165
-1.500000  0.400000  2.134530
-1.400000  0.400000  1.883576
-1.300000  0.400000  1.564766
-1.200000  0.400000  1.194520
-1.100000  0.400000  0.794746
-1.000000  0.400000  0.390880
-0.900000  0.400000  0.009620
-0.800000  0.400000  -0.323463
-0.700000  0.400000  -0.586209
-0.600000  0.400000  -0.761848
-0.500000  0.400000  -0.840495
-0.400000  0.400000  -0.820039
-0.300000  0.400000  -0.706327
-0.200000  0.400000  -0.512642
-0.100000  0.400000  -0.258520
0.000000  0.400000  0.032000
0.100000  0.400000  0.332520
0.200000  0.400000  0.616642
0.300000  0.400000  0.860327
0.400000  0.400000  1.044039
0.500000  0.400000  1.154495
0.600000  0.400000  1.185848
0.700000  0.400000  1.140209
0.800000  0.400000  1.027463
0.900000  0.400000  0.864380
1.000000  0.400000  0.673120
1.100000  0.400000  0.479254
1.200000  0.400000  0.309480
1.300000  0.400000  0.189234
1.400000  0.400000  0.140424
1.500000  0.400000  0.179470
1.600000  0.400000  0.315835
1.700000  0.400000  0.551185
1.800000  0.400000  0.879236
1.900000  0.400000  1.286314
2.000000  0.400000  1.752585
2.100000  0.400000  2.253814
2.200000  0.400000  2.763541
2.300000  0.400000  3.255440
2.400000  0.400000  3.705668
-2.500000  0.500000  1.937000
-2.400000  0.500000  1.836332
-2.300000  0.500000  1.816560
-2.200000  0.500000  1.858459
-2.100000  0.500000  1.938186
-2.000000  0.500000  2.029415
-1.900000  0.500000  2.105686
-1.800000  0.500000  2.142764
-1.700000  0.500000  2.120815
-1.600000  0.500000  2.026165
-1.500000  0.500000  1.852530
-1.400000  0.500000  1.601576
-1.300000  0.500000  1.282766
-1.200000  0.500000  0.912520
-1.100000  0.500000  0.512746
-1.000000  0.500000  0.108880
-0.900000  0.500000  -0.272380
-0.800000  0.500000  -0.605463
-0.700000  0.500000  -0.868209
-0.600000  0.500000  -1.043848
-0.500000  0.500000  -1.122495
-0.400000  0.500000  -1.102039
-0.300000  0.500000  -0.988327
-0.200000  0.500000  -0.794642
-0.100000  0.500000  -0.540520
0.000000  0.500000  -0.250000
0.100000  0.500000  0.050520
0.200000  0.500000  0.334642
0.300000  0.500000  0.578327
0.400000  0.500000  0.762039
0.500000  0.500000  0.872495
0.600000  0.500000  0.903848
0.700000  0.500000  0.858209
0.800000  0.500000  0.745463
0.900000  0.500000  0.582380
1.000000  0.500000  0.391120
1.100000  0.500000  0.197254
1.200000  0.500000  0.027480
1.300000  0.500000  -0.092766
1.400000  0.500000  -0.141576
1.500000  0.500000  -0.102530
1.600000  0.500000  0.033835
1.700000  0.500000  0.269185
1.800000  0.500000  0.597236
1.900000  0.500000  1.004314
2.000000  0.500000  1.470585
2.100000  0.500000  1.971814
2.200000  0.500000  2.481541
2.300000  0.500000  2.973440
2.400000  0.500000  3.423668
-2.500000  0.600000  1.639000
-2.400000  0.600000  1.538332
-2.300000  0.600000  1.518560
-2.200000  0.600000  1.560459
-2.100000  0.600000  1.640186
-2.000000  0.600000  1.731415
-1.900000  0.600000  1.807686
-1.800000  0.600000  1.844764
-1.700000  0.600000  1.822815
-1.600000  0.600000  1.728165
-1.500000  0.600000  1.554530
-1.400000  0.600000  1.303576
-1.300000  0.600000  0.984766
-1.200000  0.600000  0.614520
-1.100000  0.600000  0.214746
-1.000000  0.600000  -0.189120
-0.900000  0.600000  -0.570380
-0.800000  0.600000  -0.903463
-0.700000  0.600000  -1.166209
-0.600000  0.600000  -1.341848
-0.500000  0.600000  -1.420495
-0.400000  0.600000  -1.400039
-0.300000  0.600000  -1.286327
-0.200000  0.600000  -1.092642
-0.100000  0.600000  -0.838520
0.000000  0.600000  -0.548000
0.100000  0.600000  -0.247480
0.200000  0.600000  0.036642
0.300000  0.600000  0.280327
0.400000  0.600000  0.464039
0.500000  0.600000  0.574495
0.600000  0.600000  0.605848
0.700000  0.600000  0.560209
0.800000  0.600000  0.447463
0.900000  0.600000  0.284380
1.000000  0.600000  0.093120
1.100000  0.600000  -0.100746
1.200000  0.600000  -0.270520
1.300000  0.600000  -0.390766
1.400000  0.600000  -0.439576
1.500000  0.600000  -0.400530
1.600000  0.600000  -0.264165
1.700000  0.600000  -0.028815
1.800000  0.600000  0.299236
1.900000  0.600000  0.706314
2.000000  0.600000  1.172585
2.100000  0.600000  1.673814
2.200000  0.600000  2.183541
2.300000  0.600000  2.675440
2.400000  0.600000  3.125668
-2.500000  0.700000  1.325000
-2.400000  0.700000  1.224332
-2.300000  0.700000  1.204560
-2.200000  0.700000  1.246459
-2.100000  0.700000  1.326186
-2.000000  0.700000  1.417415
-1.900000  0.700000  1.493686
-1.800000  0.700000  1.530764
-1.700000  0.700000  1.508815
-1.600000  0.700000  1.414165
-1.500000  0.700000  1.240530
-1.400000  0.700000  0.989576
-1.300000  0.700000  0.670766
-1.200000  0.700000  0.300520
-1.100000  0.700000  -0.099254
-1.000000  0.700000  -0.503120
-0.900000  0.700000  -0.884380
-0.800000  0.700000  -1.217463
-0.700000  0.700000  -1.480209
-0.600000  0.700000  -1.655848
-0.500000  0.700000  -1.734495
-0.400000  0.700000  -1.714039
-0.300000  0.700000  -1.600327
-0.200000  0.700000  -1.406642
-0.100000  0.700000  -1.152520
0.000000  0.700000  -0.862000
0.100000  0.700000  -0.561480
0.200000  0.700000  -0.277358
0.300000  0.700000  -0.033673
0.400000  0.700000  0.150039
0.500000  0.700000  0.260495
0.600000  0.700000  0.291848
0.700000  0.700000  0.246209
0.800000  0.700000  0.133463
0.900000  0.700000  -0.029620
1.000000  0.700000  -0.220880
1.100000  0.700000  -0.414746
1.200000  0.700000  -0.584520
1.300000  0.700000  -0.704766
1.400000  0.700000  -0.753576
1.500000  0.700000  -0.714530
1.600000  0.700000  -0.578165
1.700000  0.700000  -0.342815
1.800000  0.700000  -0.014764
1.900000  0.700000  0.392314
2.000000  0.700000  0.858585
2.100000  0.700000  1.359814
2.200000  0.700000  1.869541
2.300000  0.700000  2.361440
2.400000  0.700000  2.811668
-2.500000  0.800000  0.995000
-2.400000  0.800000  0.894332
-2.300000  0.800000  0.874560
-2.200000  0.800000  0.916459
-2.100000  0.800000  0.996186
-2.000000  0.800000  1.087415
-1.900000  0.800000  1.163686
-1.800000  0.800000  1.200764
-1.700000  0.800000  1.178815
-1.600000  0.800000  1.084165
-1.500000  0.800000  0.910530
-1.400000  0.800000  0.659576
-1.300000  0.800000  0.340766
-1.200000  0.800000  -0.029480
-1.100000  0.800000  -0.429254
-1.000000  0.800000  -0.833120
-0.900000  0.800000  -1.214380
-0.800000  0.800000  -1.547463
-0.700000  0.800000  -1.810209
-0.600000  0.800000  -1.985848
-0.500000  0.800000  -2.064495
-0.400000  0.800000  -2.044039
-0.300000  0.800000  -1.930327
-0.200000  0.800000  -1.736642
-0.100000  0.800000  -1.482520
0.000000  0.800000  -1.192000
0.100000  0.800000  -0.891480
0.200000  0.800000  -0.607358
0.300000  0.800000  -0.363673
0.400000  0.800000  -0.179961
0.500000  0.800000  -0.069505
0.600000  0.800000  -0.038152
0.700000  0.800000  -0.083791
0.800000  0.800000  -0.196537
0.900000  0.800000  -0.359620
1.000000  0.800000  -0.550880
1.100000  0.800000  -0.744746
1.200000  0.800000  -0.914520
1.300000  0.800000  -1.034766
1.400000  0.800000  -1.083576
1.500000  0.800000  -1.044530
1.600000  0.800000  -0.908165
1.700000  0.800000  -0.672815
1.800000  0.800000  -0.344764
1.900000  0.800000  0.062314
2.000000  0.800000  0.528585
2.100000  0.800000  1.029814
2.200000  0.800000  1.539541
2.300000  0.800000  2.031440
2.400000  0.800000  2.481668
-2.500000  0.900000  0.649000
-2.400000  0.900000  0.548332
-2.300000  0.900000  0.528560
-2.200000  0.900000  0.570459
-2.100000  0.900000  0.650186
-2.000000  0.900000  0.741415
-1.900000  0.900000  0.817686
-1.800000  0.900000  0.854764
-1.700000  0.900000  0.832815
-1.600000  0.900000  0.738165
-1.500000  0.900000  0.564530
-1.400000  0.900000  0.313576
-1.300000  0.900000  -0.005234
-1.200000  0.900000  -0.375480
-1.100000  0.900000  -0.775254
-1.000000  0.900000  -1.179120
-0.900000  0.900000  -1.560380
-0.800000  0.900000  -1.893463
-0.700000  0.900000  -2.156209
-0.600000  0.900000  -2.331848
-0.500000  0.900000  -2.410495
-0.400000  0.900000  -2.390039
-0.300000  0.900000  -2.276327
-0.200000  0.900000  -2.082642
-0.100000  0.900000  -1.828520
0.000000  0.900000  -1.538000
0.100000  0.900000  -1.237480
0.200000  0.900000  -0.953358
0.300000  0.900000  -0.709673
0.400000  0.900000  -0.525961
0.500000  0.900000  -0.415505
0.600000  0.900000  -0.384152
0.700000  0.900000  -0.429791
0.800000  0.900000  -0.542537
0.900000  0.900000  -0.705620
1.000000  0.900000  -0.896880
1.100000  0.900000  -1.090746
1.200000  0.900000  -1.260520
1.300000  0.900000  -1.380766
1.400000  0.900000  -1.429576
1.500000  0.900000  -1.390530
1.600000  0.900000  -1.254165
1.700000  0.900000  -1.018815
1.800000  0.900000  -0.690764
1.900000  0.900000  -0.283686
2.000000  0.900000  0.182585
2.100000  0.900000  0.683814
2.200000  0.900000  1.193541
2.300000  0.900000  1.685440
2.400000  0.900000  2.135668
-2.500000  1.000000  0.287000
-2.400000  1.000000  0.186332
-2.300000  1.000000  0.166560
-2.200000  1.000000  0.208459
-2.100000  1.000000  0.288186
-2.000000  1.000000  0.379415
-1.900000  1.000000  0.455686
-1.800000  1.000000  0.492764
-1.700000  1.000000  0.470815
-1.600000  1.000000  0.376165
-1.500000  1.000000  0.202530
-1.400000  1.000000  -0.048424
-1.300000  1.000000  -0.367234
-1.200000  1.000000  -0.737480
-1.100000  1.000000  -1.137254
-1.000000  1.000000  -1.541120
-0.900000  1.000000  -1.922380
-0.800000  1.000000  -2.255463
-0.700000  1.000000  -2.518209
-0.600000  1.000000  -2.693848
-0.500000  1.000000  -2.772495
-0.400000  1.000000  -2.752039
-0.300000  1.000000  -2.638327
-0.200000  1.000000  -2.444642
-0.100000  1.000000  -2.190520
0.000000  1.000000  -1.900000
0.100000  1.000000  -1.599480
0.200000  1.000000  -1.315358
0.300000  1.000000  -1.071673
0.400000  1.000000  -0.887961
0.500000  1.000000  -0.777505
0.600000  1.000000  -0.746152
0.700000  1.000000  -0.791791
0.800000  1.000000  -0.904537
0.900000  1.000000  -1.067620
1.000000  1.000000  -1.258880
1.100000  1.000000  -1.452746
1.200000  1.000000  -1.622520
1.300000  1.000000  -1.742766
1.400000  1.000000  -1.791576
1.500000  1.000000  -1.752530
1.600000  1.000000  -1.616165
1.700000  1.000000  -1.380815
1.800000  1.000000  -1.052764
1.900000  1.000000  -0.645686
2.000000  1.000000  -0.179415
2.100000  1.000000  0.321814
2.200000  1.000000  0.831541
2.300000  1.000000  1.323440
2.400000  1.000000  1.773668
-2.500000  1.100000  -0.091000
-2.400000  1.100000  -0.191668
-2.300000  1.100000  -0.211440
-2.200000  1.100000  -0.169541
-2.100000  1.100000  -0.089814
-2.000000  1.100000  0.001415
-1.900000  1.100000  0.077686
-1.800000  1.100000  0.114764
-1.700000  1.100000  0.092815
-1.600000  1.100000  -0.001835
-1.500000  1.100000  -0.175470
-1.400000  1.100000  -0.426424
-1.300000  1.100000  -0.745234
-1.200000  1.100000  -1.115480
-1.100000  1.100000  -1.515254
-1.000000  1.100000  -1.919120
-0.900000  1.100000  -2.300380
-0.800000  1.100000  -2.633463
-0.700000  1.100000  -2.896209
-0.600000  1.100000  -3.071848
-0.500000  1.100000  -3.150495
-0.400000  1.100000  -3.130039
-0.300000  1.100000  -3.016327
-0.200000  1.100000  -2.822642
-0.100000  1.100000  -2.568520
0.000000  1.100000  -2.278000
0.100000  1.100000  -1.977480
0.200000  1.100000  -1.693358
0.300000  1.100000  -1.449673
0.400000  1.100000  -1.265961
0.500000  1.100000  -1.155505
0.600000  1.100000  -1.124152
0.700000  1.100000  -1.169791
0.800000  1.100000  -1.282537
0.900000  1.100000  -1.445620
1.000000  1.100000  -1.636880
1.100000  1.100000  -1.830746
1.200000  1.100000  -2.000520
1.300000  1.100000  -2.120766
1.400000  1.100000  -2.169576
1.500000  1.100000  -2.130530
1.600000  1.100000  -1.994165
1.700000  1.100000  -1.758815
1.800000  1.100000  -1.430764
1.900000  1.100000  -1.023686
2.000000  1.100000  -0.557415
2.100000  1.100000  -0.056186
2.200000  1.100000  0.453541
2.300000  1.100000  0.945440
2.400000  1.100000  1.395668
-2.500000  1.200000  -0.485000
-2.400000  1.200000  -0.585668
-2.300000  1.200000  -0.605440
-2.200000  1.200000  -0.563541
-2.100000  1.200000  -0.483814
-2.000000  1.200000  -0.392585
-1.900000  1.200000  -0.316314
-1.800000  1.200000  -0.279236
-1.700000  1.200000  -0.301185
-1.600000  1.200000  -0.395835
-1.500000  1.200000  -0.569470
-1.400000  1.200000  -0.820424
-1.300000  1.200000  -1.139234
-1.200000  1.200000  -1.509480
-1.100000  1.200000  -1.909254
-1.000000  1.200000  -2.313120
-0.900000  1.200000  -2.694380
-0.800000  1.200000  -3.027463
-0.700000  1.200000  -3.290209
-0.600000  1.200000  -3.465848
-0.500000  1.200000  -3.544495
-0.400000  1.200000  -3.524039
-0.300000  1.200000  -3.410327
-0.200000  1.200000  -3.216642
-0.100000  1.200000  -2.962520
0.000000  1.200000  -2.672000
0.100000  1.200000  -2.371480
0.200000  1.200000  -2.087358
0.300000  1.200000  -1.843673
0.400000  1.200000  -1.659961
0.500000  1.200000  -1.549505
0.600000  1.200000  -1.518152
0.700000  1.200000  -1.563791
0.800000  1.200000  -1.676537
0.900000  1.200000  -1.839620
1.000000  1.200000  -2.030880
1.100000  1.200000  -2.224746
1.200000  1.200000  -2.394520
1.300000  1.200000  -2.514766
1.400000  1.200000  -2.563576
1.500000  1.200000  -2.524530
1.600000  1.200000  -2.388165
1.700000  1.200000  -2.152815
1.800000  1.200000  -1.824764
1.900000  1.200000  -1.417686
2.000000  1.200000  -0.951415
2.100000  1.200000  -0.450186
2.200000  1.200000  0.059541
2.300000  1.200000  0.551440
2.400000  1.200000  1.001668
-2.500000  1.300000  -0.895000
-2.400000  1.300000  -0.995668
-2.300000  1.300000  -1.015440
-2.200000  1.300000  -0.973541
-2.100000  1.300000  -0.893814
-2.000000  1.300000  -0.802585
-1.900000  1.300000  -0.726314
-1.800000  1.300000  -0.689236
-1.700000  1.300000  -0.711185
-1.600000  1.300000  -0.805835
-1.500000  1.300000  -0.979470
-1.400000  1.300000  -1.230424
-1.300000  1.300000  -1.549234
-1.200000  1.300000  -1.919480
-1.100000  1.300000  -2.319254
-1.000000  1.300000  -2.723120
-0.900000  1.300000  -3.104380
-0.800000  1.300000  -3.437463
-0.700000  1.300000  -3.700209
-0.600000  1.300000  -3.875848
-0.500000  1.300000  -3.954495
-0.400000  1.300000  -3.934039
-0.300000  1.300000  -3.820327
-0.200000  1.300000  -3.626642
-0.100000  1.300000  -3.372520
0.000000  1.300000  -3.082000
0.100000  1.300000  -2.781480
0.200000  1.300000  -2.497358
0.300000  1.300000  -2.253673
0.400000  1.300000  -2.069961
0.500000  1.300000  -1.959505
0.600000  1.300000  -1.928152
0.700000  1.300000  -1.973791
0.800000  1.300000  -2.086537
0.900000  1.300000  -2.249620
1.000000  1.300000  -2.440880
1.100000  1.300000  -2.634746
1.200000  1.300000  -2.804520
1.300000  1.300000  -2.924766
1.400000  1.300000  -2.973576
1.500000  1.300000  -2.934530
1.600000  1.300000  -2.798165
1.700000  1.300000  -2.562815
1.800000  1.300000  -2.234764
1.900000  1.300000  -1.827686
2.000000  1.300000  -1.361415
2.100000  1.300000  -0.860186
2.200000  1.300000  -0.350459
2.300000  1.300000  0.141440
2.400000  1.300000  0.591668
-2.500000  1.400000  -1.321000
-2.400000  1.400000  -1.421668
-2.300000  1.400000  -1.441440
-2.200000  1.400000  -1.399541
-2.100000  1.400000  -1.319814
-2.000000  1.400000  -1.228585
-1.900000  1.400000  -1.152314
-1.800000  1.400000  -1.115236
-1.700000  1.400000  -1.137185
-1.600000  1.400000  -1.231835
-1.500000  1.400000  -1.405470
-1.400000  1.400000  -1.656424
-1.300000  1.400000  -1.975234
-1.200000  1.400000  -2.345480
-1.100000  1.400000  -2.745254
-1.000000  1.400000  -3.149120
-0.900000  1.400000  -3.530380
-0.800000  1.400000  -3.863463
-0.700000  1.400000  -4.126209
-0.600000  1.400000  -4.301848
-0.500000  1.400000  -4.380495
-0.400000  1.400000  -4.360039
-0.300000  1.400000  -4.246327
-0.200000  1.400000  -4.052642
-0.100000  1.400000  -3.798520
0.000000  1.400000  -3.508000
0.100000  1.400000  -3.207480
0.200000  1.400000  -2.923358
0.300000  1.400000  -2.679673
0.400000  1.400000  -2.495961
0.500000  1.400000  -2.385505
0.600000  1.400000  -2.354152
0.700000  1.400000  -2.399791
0.800000  1.400000  -2.512537
0.900000  1.400000  -2.675620
1.000000  1.400000  -2.866880
1.100000  1.400000  -3.060746
1.200000  1.400000  -3.230520
1.300000  1.400000  -3.350766
1.400000  1.400000  -3.399576
1.500000  1.400000  -3.360530
1.600000  1.400000  -3.224165
1.700000  1.400000  -2.988815
1.800000  1.400000  -2.660764
1.900000  1.400000  -2.253686
2.000000  1.400000  -1.787415
2.100000  1.400000  -1.286186
2.200000  1.400000  -0.776459
2.300000  1.400000  -0.284560
2.400000  1.400000  0.165668
-2.500000  1.500000  -1.763000
-2.400000  1.500000  -1.863668
-2.300000  1.500000  -1.883440
-2.200000  1.500000  -1.841541
-2.100000  1.500000  -1.761814
-2.000000  1.500000  -1.670585
-1.900000  1.500000  -1.594314
-1.800000  1.500000  -1.557236
-1.700000  1.500000  -1.579185
-1.600000  1.500000  -1.673835
-1.500000  1.500000  -1.847470
-1.400000  1.500000  -2.098424
-1.300000  1.500000  -2.417234
-1.200000  1.500000  -2.787480
-1.100000  1.500000  -3.187254
-1.000000  1.500000  -3.591120
-0.900000  1.500000  -3.972380
-0.800000  1.500000  -4.305463
-0.700000  1.500000  -4.568209
-0.600000  1.500000  -4.743848
-0.500000  1.500000  -4.822495
-0.400000  1.500000  -4.802039
-0.300000  1.500000  -4.688327
-0.200000  1.500000  -4.494642
-0.100000  1.500000  -4.240520
0.000000  1.500000  -3.950000
0.100000  1.500000  -3.649480
0.200000  1.500000  -3.365358
0.300000  1.500000  -3.121673
0.400000  1.500000  -2.937961
0.500000  1.500000  -2.827505
0.600000  1.500000  -2.796152
0.700000  1.500000  -2.841791
0.800000  1.500000  -2.954537
0.900000  1.500000  -3.117620
1.000000  1.500000  -3.308880
1.100000  1.500000  -3.502746
1.200000  1.500000  -3.672520
1.300000  1.500000  -3.792766
1.400000  1.500000  -3.841576
1.500000  1.500000  -3.802530
1.600000  1.500000  -3.666165
1.700000  1.500000  -3.430815
1.800000  1.500000  -3.102764
1.900000  1.500000  -2.695686
2.000000  1.500000  -2.229415
2.100000  1.500000  -1.728186
2.200000  1.500000  -1.218459
2.300000  1.500000  -0.726560
2.400000  1.500000  -0.276332
-2.500000  1.600000  -2.221000
-2.400000  1.600000  -2.321668
-2.300000  1.600000  -2.341440
-2.200000  1.600000  -2.299541
-2.100000  1.600000  -2.219814
-2.000000  1.600000  -2.128585
-1.900000  1.600000  -2.052314
-1.800000  1.600000  -2.015236
-1.700000  1.600000  -2.037185
-1.600000  1.600000  -2.131835
-1.500000  1.600000  -2.305470
-1.400000  1.600000  -2.556424
-1.300000  1.600000  -2.875234
-1.200000  1.600000  -3.245480
-1.100000  1.600000  -3.645254
-1.000000  1.600000  -4.049120
-0.900000  1.600000  -4.430380
-0.800000  1.600000  -4.763463
-0.700000  1.600000  -5.026209
-0.600000  1.600000  -5.201848
-0.500000  1.600000  -5.280495
-0.400000  1.600000  -5.260039
-0.300000  1.600000  -5.146327
-0.200000  1.600000  -4.952642
-0.100000  1.600000  -4.698520
0.000000  1.600000  -4.408000
0.100000  1.600000  -4.107480
0.200000  1.600000  -3.823358
0.300000  1.600000  -3.579673
0.400000  1.600000  -3.395961
0.500000  1.600000  -3.285505
0.600000  1.600000  -3.254152
0.700000  1.600000  -3.299791
0.800000  1.600000  -3.412537
0.900000  1.600000  -3.575620
1.000000  1.600000  -3.766880
1.100000  1.600000  -3.960746
1.200000  1.600000  -4.130520
1.300000  1.600000  -4.250766
1.400000  1.600000  -4.299576
1.500000  1.600000  -4.260530
1.600000  1.600000  -4.124165
1.700000  1.600000  -3.888815
1.800000  1.600000  -3.560764
1.900000  1.600000  -3.153686
2.000000  1.600000  -2.687415
2.100000  1.600000  -2.186186
2.200000  1.600000  -1.676459
2.300000  1.600000  -1.184560
2.400000  1.600000  -0.734332
-2.500000  1.700000  -2.695000
-2.400000  1.700000  -2.795668
-2.300000  1.700000  -2.815440
-2.200000  1.700000  -2.773541
-2.100000  1.700000  -2.693814
-2.000000  1.700000  -2.602585
-1.900000  1.700000  -2.526314
-1.800000  1.700000  -2.489236
-1.700000  1.700000  -2.511185
-1.600000  1.700000  -2.605835
-1.500000  1.700000  -2.779470
-1.400000  1.700000  -3.030424
-1.300000  1.700000  -3.349234
-1.200000  1.700000  -3.719480
-1.100000  1.700000  -4.119254
-1.000000  1.700000  -4.523120
-0.900000  1.700000  -4.904380
-0.800000  1.700000  -5.237463
-0.700000  1.700000  -5.500209
-0.600000  1.700000  -5.675848
-0.500000  1.700000  -5.754495
-0.400000  1.700000  -5.734039
-0.300000  1.700000  -5.620327
-0.200000  1.700000  -5.426642
-0.100000  1.700000  -5.172520
0.000000  1.700000  -4.882000
0.100000  1.700000  -4.581480
0.200000  1.700000  -4.297358
0.300000  1.700000  -4.053673
0.400000  1.700000  -3.869961
0.500000  1.700000  -3.759505
0.600000  1.700000  -3.728152
0.700000  1.700000  -3.773791
0.800000  1.700000  -3.886537
0.900000  1.700000  -4.049620
1.000000  1.700000  -4.240880
1.100000  1.700000  -4.434746
1.200000  1.700000  -4.604520
1.300000  1.700000  -4.724766
1.400000  1.700000  -4.773576
1.500000  1.700000  -4.734530
1.600000  1.700000  -4.598165
1.700000  1.700000  -4.362815
1.800000  1.700000  -4.034764
1.900000  1.700000  -3.627686
2.000000  1.700000  -3.161415
2.100000  1.700000  -2.660186
2.200000  1.700000  -2.150459
2.300000  1.700000  -1.658560
2.400000  1.700000  -1.208332
-2.500000  1.800000  -3.185000
-2.400000  1.800000  -3.285668
-2.300000  1.800000  -3.305440
-2.200000  1.800000  -3.263541
-2.100000  1.800000  -3.183814
-2.000000  1.800000  -3.092585
-1.900000  1.800000  -3.016314
-1.800000  1.800000  -2.979236
-1.700000  1.800000  -3.001185
-1.600000  1.800000  -3.095835
-1.500000  1.800000  -3.269470
-1.400000  1.800000  -3.520424
-1.300000  1.800000  -3.839234
-1.200000  1.800000  -4.209480
-1.100000  1.800000  -4.609254
-1.000000  1.800000  -5.013120
-0.900000  1.800000  -5.394380
-0.800000  1.800000  -5.727463
-0.700000  1.800000  -5.990209
-0.600000  1.800000  -6.165848
-0.500000  1.800000  -6.244495
-0.400000  1.800000  -6.224039
-0.300000  1.800000  -6.110327
-0.200000  1.800000  -5.916642
-0.100000  1.800000  -5.662520
0.000000  1.800000  -5.372000
0.100000  1.800000  -5.071480
0.200000  1.800000  -4.787358
0.300000  1.800000  -4.543673
0.400000  1.800000  -4.359961
0.500000  1.800000  -4.249505
0.600000  1.800000  -4.218152
0.700000  1.800000  -4.263791
0.800000  1.800000  -4.376537
0.900000  1.800000  -4.539620
1.000000  1.800000  -4.730880
1.100000  1.800000  -4.924746
1.200000  1.800000  -5.094520
1.300000  1.800000  -5.214766
1.400000  1.800000  -5.263576
1.500000  1.800000  -5.224530
1.600000  1.800000  -5.088165
1.700000  1.800000  -4.852815
1.800000  1.800000  -4.524764
1.900000  1.800000  -4.117686
2.000000  1.800000  -3.651415
2.100000  1.800000  -3.150186
2.200000  1.800000  -2.640459
2.300000  1.800000  -2.148560
2.400000  1.800000  -1.698332
-2.500000  1.900000  -3.691000
-2.400000  1.900000  -3.791668
-2.300000  1.900000  -3.811440
-2.200000  1.900000  -3.769541
-2.100000  1.900000  -3.689814
-2.000000  1.900000  -3.598585
-1.900000  1.900000  -3.522314
-1.800000  1.900000  -3.485236
-1.700000  1.900000  -3.507185
-1.600000  1.900000  -3.601835
-1.500000  1.900000  -3.775470
-1.400000  1.900000  -4.026424
-1.300000  1.900000  -4.345234
-1.200000  1.900000  -4.715480
-1.100000  1.900000  -5.115254
-1.000000  1.900000  -5.519120
-0.900000  1.900000  -5.900380
-0.800000  1.900000  -6.233463
-0.700000  1.900000  -6.496209
-0.600000  1.900000  -6.671848
-0.500000  1.900000  -6.750495
-0.400000  1.900000  -6.730039
-0.300000  1.900000  -6.616327
-0.200000  1.900000  -6.422642
-0.100000  1.900000  -6.168520
0.000000  1.900000  -5.878000
0.100000  1.900000  -5.577480
0.200000  1.900000  -5.293358
0.300000  1.900000  -5.049673
0.400000  1.900000  -4.865961
0.500000  1.900000  -4.755505
0.600000  1.900000  -4.724152
0.700000  1.900000  -4.769791
0.800000  1.900000  -4.882537
0.900000  1.900000  -5.045620
1.000000  1.900000  -5.236880
1.100000  1.900000  -5.430746
1.200000  1.900000  -5.600520
1.300000  1.900000  -5.720766
1.400000  1.900000  -5.769576
1.500000  1.900000  -5.730530
1.600000  1.900000  -5.594165
1.700000  1.900000  -5.358815
1.800000  1.900000  -5.030764
1.900000  1.900000  -4.623686
2.000000  1.900000  -4.157415
2.100000  1.900000  -3.656186
2.200000  1.900000  -3.146459
2.300000  1.900000  -2.654560
2.400000  1.900000  -2.204332
-2.500000  2.000000  -4.213000
-2.400000  2.000000  -4.313668
-2.300000  2.000000  -4.333440
-2.200000  2.000000  -4.291541
-2.100000  2.000000  -4.211814
-2.000000  2.000000  -4.120585
-1.900000  2.000000  -4.044314
-1.800000  2.000000  -4.007236
-1.700000  2.000000  -4.029185
-1.600000  2.000000  -4.123835
-1.500000  2.000000  -4.297470
-1.400000  2.000000  -4.548424
-1.300000  2.000000  -4.867234
-1.200000  2.000000  -5.237480
-1.100000  2.000000  -5.637254
-1.000000  2.000000  -6.041120
-0.900000  2.000000  -6.422380
-0.800000  2.000000  -6.755463
-0.700000  2.000000  -7.018209
-0.600000  2.000000  -7.193848
-0.500000  2.000000  -7.272495
-0.400000  2.000000  -7.252039
-0.300000  2.000000  -7.138327
-0.200000  2.000000  -6.944642
-0.100000  2.000000  -6.690520
0.000000  2.000000  -6.400000
0.100000  2.000000  -6.099480
0.200000  2.000000  -5.815358
0.300000  2.000000  -5.571673
0.400000  2.000000  -5.387961
0.500000  2.000000  -5.277505
0.600000  2.000000  -5.246152
0.700000  2.000000  -5.291791
0.800000  2.000000  -5.404537
0.900000  2.000000  -5.567620
1.000000  2.000000  -5.758880
1.100000  2.000000  -5.952746
1.200000  2.000000  -6.122520
1.300000  2.000000  -6.242766
1.400000  2.000000  -6.291576
1.500000  2.000000  -6.252530
1.600000  2.000000  -6.116165
1.700000  2.000000  -5.880815
1.800000  2.000000  -5.552764
1.900000  2.000000  -5.145686
2.000000  2.000000  -4.679415
2.100000  2.000000  -4.178186
2.200000  2.000000  -3.668459
2.300000  2.000000  -3.176560
2.400000  2.000000  -2.726332
-2.500000  2.100000  -4.751000
-2.400000  2.100000  -4.851668
-2.300000  2.100000  -4.871440
-2.200000  2.100000  -4.829541
-2.100000  2.100000  -4.749814
-2.000000  2.100000  -4.658585
-1.900000  2.100000  -4.582314
-1.800000  2.100000  -4.545236
-1.700000  2.100000  -4.567185
-1.600000  2.100000  -4.661835
-1.500000  2.100000  -4.835470
-1.400000  2.100000  -5.086424
-1.300000  2.100000  -5.405234
-1.200000  2.100000  -5.775480
-1.100000  2.100000  -6.175254
-1.000000  2.100000  -6.579120
-0.900000  2.100000  -6.960380
-0.800000  2.100000  -7.293463
-0.700000  2.100000  -7.556209
-0.600000  2.100000  -7.731848
-0.500000  2.100000  -7.810495
-0.400000  2.100000  -7.790039
-0.300000  2.100000  -7.676327
-0.200000  2.100000  -7.482642
-0.100000  2.100000  -7.228520
0.000000  2.100000  -6.938000
0.100000  2.100000  -6.637480
0.200000  2.100000  -6.353358
0.300000  2.100000  -6.109673
0.400000  2.100000  -5.925961
0.500000  2.100000  -5.815505
0.600000  2.100000  -5.784152
0.700000  2.100000  -5.829791
0.800000  2.100000  -5.942537
0.900000  2.100000  -6.105620
1.000000  2.100000  -6.296880
1.100000  2.100000  -6.490746
1.200000  2.100000  -6.660520
1.300000  2.100000  -6.780766
1.400000  2.100000  -6.829576
1.500000  2.100000  -6.790530
1.600000  2.100000  -6.654165
1.700000  2.100000  -6.418815
1.800000  2.100000  -6.090764
1.900000  2.100000  -5.683686
2.000000  2.100000  -5.217415
2.100000  2.100000  -4.716186
2.200000  2.100000  -4.206459
2.300000  2.100000  -3.714560
2.400000  2.100000  -3.264332
-2.500000  2.200000  -5.305000
-2.400000  2.200000  -5.405668
-2.300000  2.200000  -5.425440
-2.200000  2.200000  -5.383541
-2.100000  2.200000  -5.303814
-2.000000  2.200000  -5.212585
-1.900000  2.200000  -5.136314
-1.800000  2.200000  -5.099236
-1.700000  2.200000  -5.121185
-1.600000  2.200000  -5.215835
-1.500000  2.200000  -5.389470
-1.400000  2.200000  -5.640424
-1.300000  2.200000  -5.959234
-1.200000  2.200000  -6.329480
-1.100000  2.200000  -6.729254
-1.000000  2.200000  -7.133120
-0.900000  2.200000  -7.514380
-0.800000  2.200000  -7.847463
-0.700000  2.200000  -8.110209
-0.600000  2.200000  -8.285848
-0.500000  2.200000  -8.364495
-0.400000  2.200000  -8.344039
-0.300000  2.200000  -8.230327
-0.200000  2.200000  -8.036642
-0.100000  2.200000  -7.782520
0.000000  2.200000  -7.492000
0.100000  2.200000  -7.191480
0.200000  2.200000  -6.907358
0.300000  2.200000  -6.663673
0.400000  2.200000  -6.479961
0.500000  2.200000  -6.369505
0.600000  2.200000  -6.338152
0.700000  2.200000  -6.383791
0.800000  2.200000  -6.496537
0.900000  2.200000  -6.659620
1.000000  2.200000  -6.850880
1.100000  2.200000  -7.044746
1.200000  2.200000  -7.214520
1.300000  2.200000  -7.334766
1.400000  2.200000  -7.383576
1.500000  2.200000  -7.344530
1.600000  2.200000  -7.208165
1.700000  2.200000  -6.972815
1.800000  2.200000  -6.644764
1.900000  2.200000  -6.237686
2.000000  2.200000  -5.771415
2.100000  2.200000  -5.270186
2.200000  2.200000  -4.760459
2.300000  2.200000  -4.268560
2.400000  2.200000  -3.818332
-2.500000  2.300000  -5.875000
-2.400000  2.300000  -5.975668
-2.300000  2.300000  -5.995440
-2.200000  2.300000  -5.953541
-2.100000  2.300000  -5.873814
-2.000000  2.300000  -5.782585
-1.900000  2.300000  -5.706314
-1.800000  2.300000  -5.669236
-1.700000  2.300000  -5.691185
-1.600000  2.300000  -5.785835
-1.500000  2.300000  -5.959470
-1.400000  2.300000  -6.210424
-1.300000  2.300000  -6.529234
-1.200000  2.300000  -6.899480
-1.100000  2.300000  -7.299254
-1.000000  2.300000  -7.703120
-0.900000  2.300000  -8.084380
-0.800000  2.300000  -8.417463
-0.700000  2.300000  -8.680209
-0.600000  2.300000  -8.855848
-0.500000  2.300000  -8.934495
-0.400000  2.300000  -8.914039
-0.300000  2.300000  -8.800327
-0.200000  2.300000  -8.606642
-0.100000  2.300000  -8.352520
0.000000  2.300000  -8.062000
0.100000  2.300000  -7.761480
0.200000  2.300000  -7.477358
0.300000  2.300000  -7.233673
0.400000  2.300000  -7.049961
0.500000  2.300000  -6.939505
0.600000  2.300000  -6.908152
0.700000  2.300000  -6.953791
0.800000  2.300000  -7.066537
0.900000  2.300000  -7.229620
1.000000  2.300000  -7.420880
1.100000  2.300000  -7.614746
1.200000  2.300000  -7.784520
1.300000  2.300000  -7.904766
1.400000  2.300000  -7.953576
1.500000  2.300000  -7.914530
1.600000  2.300000  -7.778165
1.700000  2.300000  -7.542815
1.800000  2.300000  -7.214764
1.900000  2.300000  -6.807686
2.000000  2.300000  -6.341415
2.100000  2.300000  -5.840186
2.200000  2.300000  -5.330459
2.300000  2.300000  -4.838560
2.400000  2.300000  -4.388332
-2.500000  2.400000  -6.461000
-2.400000  2.400000  -6.561668
-2.300000  2.400000  -6.581440
-2.200000  2.400000  -6.539541
-2.100000  2.400000  -6.459814
-2.000000  2.400000  -6.368585
-1.900000  2.400000  -6.292314
-1.800000  2.400000  -6.255236
-1.700000  2.400000  -6.277185
-1.600000  2.400000  -6.371835
-1.500000  2.400000  -6.545470
-1.400000  2.400000  -6.796424
-1.300000  2.400000  -7.115234
-1.200000  2.400000  -7.485480
-1.100000  2.400000  -7.885254
-1.000000  2.400000  -8.289120
-0.900000  2.400000  -8.670380
-0.800000  2.400000  -9.003463
-0.700000  2.400000  -9.266209
-0.600000  2.400000  -9.441848
-0.500000  2.400000  -9.520495
-0.400000  2.400000  -9.500039
-0.300000  2.400000  -9.386327
-0.200000  2.400000  -9.192642
-0.100000  2.400000  -8.938520
0.000000  2.400000  -8.648000
0.100000  2.400000  -8.347480
0.200000  2.400000  -8.063358
0.300000  2.400000  -7.819673
0.400000  2.400000  -7.635961
0.500000  2.400000  -7.525505
0.600000  2.400000  -7.494152
0.700000  2.400000  -7.539791
0.800000  2.400000  -7.652537
0.900000  2.400000  -7.815620
1.000000  2.400000  -8.006880
1.100000  2.400000  -8.200746
1.200000  2.400000  -8.370520
1.300000  2.400000  -8.490766
1.400000  2.400000  -8.539576
1.500000  2.400000  -8.500530
1.600000  2.400000  -8.364165
1.700000  2.400000  -8.128815
1.800000  2.400000  -7.800764
1.900000  2.400000  -7.393686
2.000000  2.400000  -6.927415
2.100000  2.400000  -6.426186
2.200000  2.400000  -5.916459
2.300000  2.400000  -5.424560
